cityname,distance_0,duration_0,distance_2,duration_2
株洲市,1053946,46584,1006235,63168
湘潭市,1096340,47291,1059436,66983
白银市,1993791,84638,1836282,111034
上饶市,520904,25098,510350,27928
中卫市,1916130,80402,1819069,116192
驻马店市,719638,28817,704400,30212
沈阳市,1730411,73243,1628001,76534
怒江州,2961273,144299,2895403,161696
酒泉市,2947346,123040,2793850,177809
湛江市,1877608,78848,1803440,106692
朔州市,1423320,61274,1366623,76145
咸阳市,1396407,56925,1349767,81440
丹东市,1899957,80096,1767700,93612
台州市,339188,17384,338991,17359
黄石市,768218,34688,711280,45959
琼中黎族苗族自治县,2137435,100580,2069420,126502
凉山彝族自治州,2325959,103679,2237496,122600
呼伦贝尔市,2755085,127009,2617514,147491
鞍山市,1667885,70094,1586087,79090
齐齐哈尔市,2449225,110052,2357700,128367
徐州市,515211,22464,503924,30784
昭通市,2050034,96345,2028344,101635
南充市,1651521,72632,1633683,75420
安庆市,515795,22494,477858,28532
九江市,703186,33647,666564,41286
安康市,1318877,54802,1272119,77759
日喀则地区,4511025,226905,4392623,239650
河源市,1217883,53778,1178184,69142
塔城地区,4154196,181714,4026601,221384
德阳市,1882827,81127,1833154,87044
黔东南苗族侗族,1670690,78225,1620152,100061
揭阳市,1290502,54599,1239587,73015
金华市,304274,15865,293978,20158
延安市,1476352,64124,1392260,100269
内江市,1843003,81269,1783424,88635
汕头市,1249283,55263,1205215,68321
辽阳市,1685993,70899,1609719,74245
江门市,1553768,68871,1509373,85999
甘孜藏族自治州,2539206,124644,2509142,129932
晋城市,1032298,44287,980392,61979
嘉兴市,110275,6221,106039,6829
保山市,2833525,128099,2768985,142426
安顺市,1894548,85319,1830451,105221
呼和浩特市,1621557,69929,1532930,88490
海口市,2039419,96975,1974804,123117
达州市,1557202,67251,1517544,70313
延边朝鲜族自治州,2351864,99362,2260484,119383
盐城市,289120,12840,275941,13766
伊春市,2621463,129013,2538815,146383
长春市,2073832,87650,1987409,91592
黄冈市,667457,29832,628533,36843
东沙群岛,1381503,59766,1303471,76496
资阳市,1813459,79211,1783344,84091
丽水市,464837,23440,447809,29430
许昌市,791242,31528,779698,39119
信阳市,617237,26547,614274,27552
赤峰市,1666640,75098,1593966,79582
南通市,115200,6076,111056,7634
泰安市,708282,31610,689066,40593
佳木斯市,2791267,130039,2689486,139184
东营市,818193,34924,790168,55910
眉山市,1936516,83693,1909055,88499
娄底市,1189119,51300,1140025,75810
济宁市,699486,30003,648721,36173
抚州市,774931,36339,753724,44917
张家口市,1397252,60690,1313099,79135
清远市,1393474,61016,1313953,81428
迪庆州,2927306,134201,2765812,168416
鹰潭市,590141,28477,575420,33086
贵阳市,1776386,76784,1696380,91801
重庆市,1453642,66509,1450206,67746
盘锦市,1573097,66327,1480140,73446
铜川市,1389294,57900,1313981,85661
和田地区,4397355,209417,4326776,228167
西宁市,2186665,96488,2112339,123333
黑河市,2955946,135256,2620884,159184
海西蒙古族藏族自治州直辖,2929649,131003,2850291,155434
锦州市,1593151,68401,1481382,72645
大理市,2643922,122358,2579382,136894
定安县,2083986,98345,2013797,125104
楚雄市,2471108,112520,2405297,128469
开封市,779628,32512,742178,53023
昌江黎族自治县,2177265,102632,2110606,127846
泰州市,170227,8296,160698,9622
广元市,1710629,74788,1664589,100648
大连市,1820498,75803,1695897,91442
岳阳市,947153,41419,902952,54593
扬州市,219558,9969,214117,11858
乌鲁木齐市,3823511,164462,3696960,208138
喀什地区,5050291,208946,4712303,244325
焦作市,975716,39952,917932,61144
成都市,1909933,81640,1876431,88856
云浮市,1580929,67143,1528521,89708
三明市,833828,37435,813376,45573
庆阳市,1594929,69270,1539356,103591
南阳市,912553,35771,891024,46268
金昌市,2287529,97898,2179679,150326
威海市,883999,36938,854369,52009
漳州市,1088442,48592,1057800,59893
防城港市,2040990,87450,1950305,104103
廊坊市,1077399,44833,1057133,62343
南昌市,662553,29063,655859,31534
秦皇岛市,1285176,54584,1202736,63791
衢州市,399097,19525,390527,23636
新余市,833969,37559,825853,41544
天水市,1643427,69106,1612065,79355
益阳市,1156118,50467,1071357,63419
图木舒克市,4780261,200376,4594765,258337
攀枝花市,2501413,112025,2410231,130627
肇庆市,1522651,64971,1438475,85488
神农架林区,1219110,56214,1216068,57154
漯河市,745852,31634,736579,33517
临夏回族自治州,1986395,83528,1929489,105599
桂林市,1502721,64876,1413237,78206
遂宁市,1724328,74578,1705685,80871
绵阳市,1827931,80578,1773411,106859
自贡市,1885262,82373,1807957,85778
北海市,1936550,81496,1863623,110356
海北藏族自治州,2362727,108990,2291465,135528
陇南市,1758979,76955,1702969,90053
平顶山市,834150,33718,827633,36726
长沙市,1025492,43068,959803,64577
兴安盟,2190782,96221,2043909,116544
西安市,1329929,52802,1287889,62261
贵港市,1783085,75285,1677878,97440
四平市,1940120,82636,1839545,100428
淮南市,474544,19905,451821,29736
淮安市,341721,15159,320951,18346
阿坝藏族羌族自治州,2222507,101294,2109334,137033
茂名市,1744988,73427,1677566,98717
邯郸市,960448,39677,907812,67024
临高县,2066366,97653,2004014,123031
大兴安岭地区,3183759,145702,2962505,177749
甘南藏族自治州,2198110,96918,2110662,114555
来宾市,1699545,72552,1636459,86152
营口市,1673148,70784,1575705,81381
山南地区,4333106,224413,3968569,236341
无锡市,87056,4745,70984,5895
安阳市,953072,38819,865918,61919
新乡市,896391,36017,818530,55759
文山州,2277818,101339,2202873,118853
兰州市,1972604,88220,1908103,113570
保定市,1164491,48581,1091212,62063
佛山市,1454560,62546,1412429,81199
韶关市,1232909,52536,1164136,71377
承德市,1409382,60684,1331924,63998
博尔塔拉蒙古自治州,4329971,185080,4202250,225644
三门峡市,1096357,44996,1061481,62540
大同市,1373651,58989,1313320,77026
保亭黎族苗族自治县,2241629,107351,2165011,133338
张家界市,1330947,61227,1218779,69027
武威市,2201134,95011,2085124,144460
郴州市,1202949,53831,1146328,65979
阿拉善盟,2917019,128301,2689285,165439
衡水市,954551,40467,923783,46580
温州市,484808,23969,469295,27494
深圳市,1428386,61828,1362683,80586
泸州市,1794282,84036,1779334,87103
榆林市,1574715,69703,1466310,103399
阳泉市,1208211,49454,1145889,56723
景德镇市,518730,23555,501206,24240
孝感市,787722,35619,776718,40571
宁波市,261062,13209,253199,13937
福州市,764188,38593,747852,44645
芜湖市,305078,14088,279762,23377
白山市,2279906,96677,2041572,105661
钦州市,1916168,80427,1851755,94798
河池市,1825288,77773,1761828,92271
宿州市,498905,22580,478009,28194
日照市,565546,24615,529090,35578
忻州市,1412882,59820,1330141,72015
龙岩市,987319,44482,966867,52624
遵义市,1828585,82057,1752545,90737
连云港市,444125,19804,424097,25785
平凉市,1622532,66959,1571525,96760
澄迈县,2041947,96604,1979352,122745
通辽市,1880022,80784,1744388,103454
松原市,2060467,89312,1973389,107816
临沧市,2826151,134888,2759611,150399
汉中市,1507148,62578,1462716,88105
辽源市,1929702,81115,1845058,93151
陵水黎族自治县,2228234,105175,2162444,135718
德宏州,3002709,138557,2930686,153438
吴忠市,1814940,77694,1688329,115838
武汉市,739615,32607,736652,33562
昌都地区,2973804,155119,2943353,160963
滨州市,855178,36336,820114,35881
赣州市,988844,44901,949675,59295
泉州市,960953,43256,904934,51968
六安市,495859,21948,464145,28595
鸡西市,2787951,128911,2671471,138886
固原市,1700785,72867,1630144,102743
儋州市,2126576,101031,2064224,126056
柳州市,1640780,70969,1594411,90212
咸宁市,823734,37013,784835,47719
绍兴市,213091,11998,208261,13091
鹤岗市,2736892,125284,2635920,134696
荆州市,969869,41643,949359,47034
牡丹江市,2479117,108944,2402856,112215
哈密地区,3285726,139463,3164655,188181
梅州市,1143120,50026,1117851,61461
曲靖市,2113565,95867,2059983,111359
滁州市,315852,14854,310824,15782
林芝地区,3387579,200668,3357095,205310
阿克苏地区,4474864,200685,4335972,241448
银川市,1851255,78348,1741810,114542
琼海市,2114456,99272,2049568,124943
鄂州市,751518,32619,711676,40206
嘉峪关市,2661871,113105,2555751,165610
惠州市,1327178,58923,1289956,74728
五指山市,2192407,103352,2124392,128964
宜昌市,1087928,52978,1079336,55805
枣庄市,592396,25615,563682,31243
德州市,854302,37245,832749,41994
厦门市,1018881,45839,954014,52783
商丘市,664097,27805,614192,40886
濮阳市,850712,35408,793747,52426
百色市,2079369,89645,2003981,108192
西双版纳,2821576,129765,2766423,144172
玉树藏族自治州,3212528,174194,3138320,199322
珠海市,1543172,69049,1485691,90436
吉林市,2145983,92209,2060458,110032
丽江市,2724124,129429,2570602,157244
绥化市,2382008,106184,2294747,124982
张掖市,2484183,106713,2378063,159256
南平市,626638,29325,613029,33902
文昌市,2080438,98812,2017878,124260
潮州市,1182926,53770,1152712,65945
锡林郭勒盟,1851492,82427,1708771,97241
雅安市,2081522,94420,2050876,99966
南宁市,1890252,81772,1803531,100478
克拉玛依市,4148081,182515,4020899,222061
阜阳市,561200,23487,551660,25245
七台河市,2659014,121584,2544124,131116
随州市,868994,38667,797470,44610
鹤壁市,954969,37629,855661,61393
大庆市,2269620,97923,2177733,116093
宜宾市,1876367,86281,1860899,87594
池州市,443697,20675,423568,29678
阿里地区,4736824,249693,4646919,264618
莱芜市,682798,28862,671914,30642
合肥市,385318,17197,377009,19189
铜陵市,337988,15700,324664,20411
北京市,1207359,52401,1162521,57216
商洛市,1223771,48806,1177293,54202
吉安市,906988,38998,872370,49069
沧州市,963182,40148,943079,50999
淮北市,506440,21900,497156,29702
鄂尔多斯市,1787210,78017,1655776,114494
唐山市,1168523,49955,1102794,53061
巢湖市,355954,16859,331503,18064
巴音郭楞蒙古自治州,3657492,169364,3586819,192736
抚顺市,1836586,79590,1749947,84342
五家渠市,3848204,166394,3731482,207478
克孜勒苏柯尔克孜自治,4996001,206871,4857109,247621
六盘水市大湾镇,2111531,96836,1982693,118728
济南市,770094,32980,759418,35266
宁德市,628844,32889,612508,38887
广安市,1605703,69350,1581535,73064
周口市,676031,28157,656769,30311
三亚市,2290560,107721,2223550,137213
杭州市,276221,14906,244687,15144
昆明市,2258302,102113,2202499,117416
毕节地区,1951393,84256,1887829,115516
乌海市,1989570,82950,1793996,129225
乌兰察布市,1704073,75410,1623001,96794
阜新市,1654686,70101,1568617,77058
东方市,2213859,104991,2151507,129227
昌吉回族自治州,3766446,160588,3645097,207345
衡阳市,1184860,50822,1122063,62558
铁岭市,1818304,76700,1738146,85078
临沂市,544010,23428,539301,24546
屯昌县,2099439,99232,2031424,125763
包头市,1831318,82904,1702689,101988
南京市,218204,9597,206786,14493
常州市,127447,5911,124484,7004
通化市,1995708,89156,1893033,95315
万宁市,2171021,102056,2106133,127386
铜仁地区,1577726,69973,1479055,85979
巴彦淖尔市,2142509,93413,1973410,133504
黔西南布依族苗族,2031509,91214,1960265,114628
乐山市,2050198,92854,1968621,97494
黔南布依族苗族,1780961,79437,1725231,101127
阿勒泰地区,4260157,187994,4023733,236779
舟山市,330054,21166,314977,22868
贺州市,1564935,65746,1455923,86696
葫芦岛市,1420269,62985,1344369,66482
阿拉尔市,4604224,195022,4382373,244231
菏泽市,745149,31499,697091,46401
聊城市,846682,34220,807097,50637
仙桃市,849932,37545,846558,38487
洛阳市,972681,42473,948125,54790
运城市,1140149,49361,1109229,68714
蚌埠市,409264,17609,405140,20292
玉溪市,2433834,109647,2360473,130369
石嘴山市,1928560,81076,1789495,135465
马鞍山市,236506,11504,233381,12598
宜春市,813156,34818,778403,42263
本溪市,1827758,78566,1739972,84530
襄樊市,1033045,42932,968650,50929
临汾市,1220532,50740,1142926,72074
常德市,1146038,49277,1088986,67886
潍坊市,681817,28570,652887,42675
伊犁哈萨克自治州,4607967,195475,4472244,238636
吐鲁番地区,3639603,158015,3521557,205387
红河州,2462524,110762,2339868,132639
怀化市,1404273,59938,1339778,85948
宿迁市,386321,17367,382800,18305
宝鸡市,1480107,59830,1441391,71944
莆田市,935432,41543,823416,48066
晋中市,1217518,53978,1144321,82164
太原市,1358258,60100,1267652,89314
潜江市,911858,39198,908895,40143
萍乡市,944667,41817,929401,55625
上海市,105886,5987,96843,7118
湖州市,153374,8426,130982,12206
普洱市,2718073,128435,2644662,148372
石河子市,3976326,171630,3850071,213431
黄南藏族自治州,2242441,99860,2164646,124795
天门市,871630,37315,868667,38283
石家庄市,1106556,44136,1049641,51475
宣城市,255489,14244,241286,17358
长治市,1117897,46506,1038218,75542
阳江市,1645092,71919,1600517,95199
恩施土家族苗族自治州,1328244,62210,1282829,66897
海南藏族自治州,2338528,105516,2263264,131308
荆门市,911763,39206,908482,40211
邵阳市,1311199,57815,1278207,89704
巴中市,1628099,75500,1625035,76626
玉林市,1789503,76826,1715494,105101
亳州市,533449,22281,518024,26573
哈尔滨市,2377642,104195,2278110,114739
永州市,1375453,61691,1312367,73947
海东地区,2098758,92299,2028783,121215
烟台市,846934,34997,796689,50420
郑州市,871998,35611,839405,50826
渭南市,1294516,53035,1215348,75869
中山市,1483272,64554,1430263,86310
湘西土家族苗族自治州,1374321,61390,1320512,81351
朝阳市,1565184,67184,1423643,72950
汕尾市,1320003,58729,1280474,74462
广州市,1376586,59923,1341162,81471
青岛市,702530,29676,664184,43950
淄博市,729288,32027,725389,33552
邢台市,1032869,42061,956135,65631
白城市,2116503,93220,2017404,123935
镇江市,154133,6984,146801,9071
天津市,1088399,46247,1036549,52952
东莞市,1419568,61488,1344830,81516
乐东黎族自治县,2252230,106110,2184215,131410
吕梁市,1403797,61272,1296848,93883
拉萨市,4134938,212676,3857469,221149
定西市,1807965,76749,1767792,91063
十堰市,1244687,66323,1198518,88115
梧州市,1701257,74708,1574599,95878
黄山市,410423,20195,383650,25996
那曲地区,4087545,210273,4016126,223976
崇左市,2030977,84571,1959498,99373
双鸭山市,2838151,132128,2723257,141775
白沙黎族自治县,2186377,106436,2109722,134343
果洛藏族自治州,2672618,124370,2508105,159572
