31.86974	120.54988
31.86836	120.53536
31.84218	120.54151
31.74486	120.70721
31.67641	120.70733
31.75327	120.99575
31.68379	120.70204
31.66673	120.71852
31.66504	120.70478
31.68208	120.68942
31.77097	120.64964
31.76538	120.64153
31.84745	120.634
31.89256	120.78656
31.87387	120.76681
31.85943	120.62767
31.85914	120.62765
31.85899	120.62817
31.87221	120.53273
31.70546	120.8761
31.66829	120.73413
31.68208	120.68942
31.64547	120.73445
31.6439	120.73748
31.66432	120.71126
31.6385	120.68891
31.66432	120.71127
31.65552	120.72177
31.63575	120.69139
31.64956	120.7376
31.64112	120.73651
31.656	120.69593
31.66459	120.72889
31.64596	120.75015
31.72885	120.90227
31.72924	120.90159
31.65045	120.75878
31.65482	120.77696
31.65862	120.75558
31.62981	120.84579
31.63962	120.68775
31.6279	120.74338
31.5448	121.1768
31.56635	121.06587
31.55047	120.79792
31.50375	120.97013
31.9273	120.39833
31.97599	120.41444
31.93152	120.40872
31.85697	120.57299
31.86271	120.52831
31.87197	120.53161
31.96521	120.41416
31.31602	120.60356
31.27807	120.84907
31.67593	120.76302
31.57911	120.98765
31.41093	120.58162
31.11229	120.85021
31.64891	120.74306
31.6733	120.75542
31.15936	120.6431
31.40634	120.78643
31.37354	120.78582
31.32402	120.62663
31.27315	120.44456
31.21169	120.37062
31.29627	120.68664
31.26359	120.3202
31.30876	120.7247
31.314	120.67304
31.3173	120.6772
31.32154	120.62909
31.32153	120.6291
31.25484	120.58903
31.31149	120.62902
31.27218	120.60907
31.30243	120.62462
31.30234	120.6259
31.29933	120.62678
31.31031	120.62186
31.26156	120.62859
31.30294	120.6236
31.31593	120.59881
31.32299	120.61831
31.31834	120.60144
31.31992	120.6025
31.32144	120.60305
31.31734	120.60158
31.31521	120.60354
31.3198	120.60836
31.31977	120.61395
31.31082	120.61898
31.31044	120.6137
31.3123	120.61282
31.31555	120.62838
31.32328	120.62795
31.32296	120.62881
31.31527	120.59212
31.29688	120.61244
31.29755	120.61009
31.26604	120.60364
31.31729	120.62454
31.31729	120.62454
31.31605	120.62689
31.29766	120.62187
31.32521	120.62996
31.32485	120.62956
31.32307	120.62931
31.32331	120.63033
31.30658	120.63278
31.31349	120.63433
31.3134	120.63208
31.31257	120.63499
31.28306	120.63221
31.29792	120.6293
31.29866	120.63161
31.27066	120.86946
31.26102	120.63023
31.31095	120.68439
31.26325	120.86514
31.27269	120.86164
31.33136	120.63308
31.31389	120.66102
31.26049	120.86575
31.31781	120.63619
31.31541	120.63516
31.32195	120.63116
31.29773	120.63315
31.29884	120.64153
31.32379	120.64134
31.32324	120.63939
31.3211	120.62957
31.31475	120.63047
31.27348	120.63211
31.23913	120.86485
31.21557	120.39745
31.17682	120.47682
31.21957	120.47883
31.24761	120.51548
31.20992	120.58889
31.21565	120.54706
31.22347	120.57289
31.21716	120.3858
31.26591	121.00267
31.26622	121.00311
31.2165	120.37861
31.2123	120.36997
31.24807	120.99823
31.0712	120.6697
31.07929	120.40444
31.11772	120.84592
31.06604	120.36096
31.06719	120.2743
31.02821	120.29385
31.07537	120.36038
31.16228	120.7252
31.15719	120.64635
31.1539	120.63625
31.14571	120.63032
31.14818	120.72387
31.08893	120.40663
31.0823	120.40518
31.15296	120.62902
31.17546	120.89966
31.17125	120.90277
31.12397	120.21524
31.10057	120.29483
31.11878	120.25844
31.11716	120.24813
31.10492	120.30604
31.15362	120.28382
31.10679	120.30454
31.10992	120.2952
31.12524	120.31509
31.0999	120.29739
31.14718	120.31033
31.10491	120.305
31.10537	120.3054
31.10705	120.30457
31.13144	120.43503
31.13144	120.43502
31.09665	120.41309
30.99406	120.71246
30.91484	120.50579
30.939	120.53159
31.02934	120.84603
30.95203	120.38069
31.00809	120.83442
31.31016	120.63124
30.90242	120.65596
31.31738	120.60955
31.59841	120.59555
31.28843	120.39655
31.17449	120.34486
31.57238	121.06304
31.28319	120.70587
31.32363	120.63005
31.21527	120.4052
31.16099	120.68778
31.85898	120.62816
31.55048	120.79792
31.29289	120.4914
31.30279	120.54232
31.66808	120.72625
31.3204	120.62922
31.32223	120.62516
31.38013	120.95461
31.31701	120.60298
31.08552	120.88218
31.26813	121.00526
31.03552	120.29301
31.48037	121.1539
31.32907	120.61788
31.42192	120.43225
31.33372	120.57991
31.32817	120.6155
31.3283	120.61749
31.30271	120.58311
31.15427	120.63742
31.33288	120.57923
31.29924	120.58973
31.29991	120.61653
31.39389	120.97852
31.30394	120.61016
31.29853	120.62921
31.30633	120.63347
31.26186	120.6284
31.3692	120.9784
31.29783	120.63442
31.27347	120.63189
31.29357	120.61327
31.29991	120.61652
31.28128	120.59947
31.38432	120.96786
31.31742	120.62444
31.27218	120.60894
31.29983	120.60393
31.39087	120.96775
31.3903	120.96773
31.13341	120.30938
31.15232	120.72313
31.32469	120.63035
31.48037	121.1539
31.68379	120.70204
31.27269	120.86164
31.25542	120.50946
31.3917	120.95008
31.27016	120.43941
31.64526	120.74999
31.07372	120.38796
31.32301	120.62862
31.31247	120.63591
30.98894	120.71156
31.32416	120.61491
31.14574	120.63034
31.28234	120.63164
31.1507	120.64422
31.26908	120.61777
31.29846	120.62922
31.26909	120.6181
31.29306	120.64263
31.31613	120.59905
31.15094	120.64434
31.32445	120.61546
31.31232	120.60625
31.31204	120.60705
31.26187	120.63095
31.3123	120.60605
31.32024	120.63768
31.15621	120.6491
31.29777	120.63414
31.29502	120.62381
31.32117	120.61999
31.29868	120.63426
31.3203	120.64199
31.31341	120.58784
31.31057	120.62528
31.30361	120.61312
31.40131	120.94308
31.44565	121.09851
31.85399	120.53041
31.31536	120.71369
31.39689	120.6245
31.12319	120.30654
31.41414	120.599
31.85885	120.56049
31.85635	120.55961
31.85735	120.56
31.45381	121.11288
31.32035	120.72549
31.44818	121.10543
31.07507	120.29694
31.64912	120.74305
31.64549	120.74928
31.2735	120.38468
31.35894	120.65785
31.27202	120.46711
31.43019	121.11677
31.64356	120.76921
31.66987	120.76243
31.2509	120.5137
31.11143	120.84976
31.27251	120.57026
31.67513	120.7638
31.44839	121.12254
31.4468	121.10129
31.442	121.11677
31.47836	121.00759
31.45958	120.86578
31.46002	120.8493
31.43243	120.71437
31.48354	120.76581
31.45378	120.85243
31.46751	120.66647
31.42251	120.61631
31.39741	120.62174
31.33646	120.47069
31.33389	120.34371
31.45292	121.11577
31.44551	121.09867
31.39	120.90945
31.35817	120.7848
31.3316	120.76799
31.33267	120.63994
31.33799	120.58116
31.33537	120.58061
31.33348	120.57952
31.37834	120.62667
31.40131	120.94393
31.39811	120.95101
31.38818	120.94915
31.38298	120.98117
31.39817	120.98548
31.39238	120.97781
31.38075	120.95491
31.37757	120.96498
31.37641	120.95169
31.37107	120.95204
31.28785	120.3733
31.38285	120.95271
31.38386	120.9671
31.37925	120.98046
31.38649	120.95738
31.29299	120.54901
31.30019	120.56567
31.28544	120.54238
31.25247	120.51994
31.29886	120.5081
31.25306	120.51007
31.31056	120.56785
31.2515	120.51244
31.25477	120.50605
31.29912	120.57448
31.28537	120.54859
31.30468	120.53742
31.25252	120.50229
31.25113	120.58767
31.25214	120.58768
31.2717	120.52
31.28779	120.37332
31.2646	120.34232
31.28299	120.37104
31.28693	120.37105
31.25992	120.50395
31.26879	120.39257
31.2928	120.49079
31.29756	120.49106
31.28744	120.49937
31.25761	120.42929
31.26485	120.43464
31.26914	120.43949
31.31488	120.59284
31.26072	120.51155
31.28942	120.61901
31.29578	120.62815
31.29537	120.62586
31.29731	120.58082
31.31432	120.58729
31.31164	120.57762
31.31174	120.62535
31.29629	120.60926
31.29629	120.60926
31.32224	120.62012
31.31519	120.60555
31.30407	120.61058
31.30777	120.61923
31.30928	120.6188
31.30921	120.61849
31.30658	120.62144
31.30766	120.6215
31.30418	120.61579
31.31283	120.60316
31.31351	120.60459
31.30384	120.59381
31.31026	120.60275
31.30835	120.60287
31.29984	120.58941
31.2977	120.58032
31.27668	120.59268
31.31351	120.59915
31.12186	119.94127
31.259944	120.730758
31.29936	120.60411
31.634811	120.800712
31.301631	120.608398
31.328233	120.627082
31.176036	120.898193
31.311382	120.617535
31.8816244599143	120.545897390216
31.360243	120.544296
31.341693	120.911773
31.306207	120.648345
31.075395	120.246704
31.268943	120.317031
31.321117	120.705902
31.31536	120.71369
31.012843344301	120.48941441106
31.22249	120.4063
31.451391	121.154396
31.32413	120.63795
31.929601	120.407431
31.684392	120.694541
31.557027	120.785804
31.352266	120.719001
31.335445	120.597396
31.261802	120.471572
31.285573	120.585487
31.2957	120.679
31.3239	120.635
31.3153	120.592
31.3101	120.601
31.2961	120.633
31.174446	120.387176
31.048228	120.388184
31.314577	120.378913
31.269163	120.874069
31.658057	120.755367
31.261602	120.837905
31.572849	120.834053
31.309928	120.625473
31.31342	120.610968
31.301288	120.632787
31.223201	120.882827
31.630746	120.837455
31.334578	120.57066
31.317134	120.635131
31.169284	120.340209
31.338565	120.585754
31.320632	120.630493
31.86329	120.534591
30.964885	120.412445
31.370449	120.480995
31.348224	120.432388
31.219707	120.443893
31.314334	120.955513
31.077381	120.268936
31.310892	120.587165
31.320842	120.631919
31.399305	120.95774
31.193719	120.512031
31.088621	120.286521
31.657417	120.947433
31.313375	120.632957
31.3178	120.601379
31.11416	120.851402
31.436264	120.715972
31.039693	119.995849
31.297557	120.6333
31.415102	120.753074
31.246522	120.569801
31.380548	120.715095
31.36819	120.7322
31.193799	120.742675
31.314635	120.629153
31.043146	120.385993
31.441495	120.812377
31.292192	120.656387
31.338928	120.582786
31.37174	120.832542
31.665233	120.75093
31.169061	120.468238
31.37214	120.833282
31.1613622	120.714123
31.238669	120.980196
31.551101	120.760429
31.381854	120.626135
31.396339	120.618011
31.55162	120.758956
31.580183	120.711151
31.6193922724972	120.762676181738
31.0703321	120.3290981
31.239769	120.615601
31.286416	120.532567
31.228763	120.784805
31.135316	120.32006
31.386178	120.988204
31.317187	120.719974
31.244483	120.605416
31.288918	120.619305
31.297977	120.489275
31.857053	120.57336
31.338336	120.581641
31.323117	120.631288
31.315189	120.593327
31.845026	120.719137
31.282998	120.502399
31.310497	120.569782
31.320316	120.629557
31.338304	120.582067
31.388329	120.949589
31.312956	120.628868
31.126337	120.845209
31.262649	120.649544
31.330862	120.579381
31.309921	120.866745
31.313543	120.557579
31.444541	120.856498
31.313492	120.633926
31.03750234	120.33265568
31.297605	120.581466
31.068666	120.450218
31.452083	120.715164
31.313919	120.585983
31.310637	120.619008
31.300628	120.6281354
31.298886	120.585316
31.3130249	120.6208681
31.298886	120.585316
31.49419	120.860288
31.3243308	120.6177692
31.262791	120.631978
31.503817	121.090248
31.158086	120.816726
31.309849	120.612782
31.298886	120.585316
31.317103	120.601262
31.302199	120.739522
31.318959	120.601086
31.154586	120.716822
31.152321	120.723132
31.148899	120.722693
31.337474	120.343328
31.647667	120.740852
31.298886	120.585316
31.30111	120.623378
31.250468	120.512162
31.295301	120.573456
31.289217	120.619229
31.180874	120.901509
31.293395	120.613278
31.6605968	120.6992885
31.6807276	120.6849406
31.118008	120.844655
31.298886	120.585316
31.180874	120.901509
31.05747	120.363085
31.051732	120.363552
31.298886	120.585316
30.912356	120.509538
31.066452	120.675476
31.440335	120.6493627
31.38331	120.79184
31.3111384	120.6253701
31.292298	120.54801
31.148899	120.722693
31.320688	120.4836087
31.3678819	120.4939341
31.312875	121.114655
31.3106528	121.0927939
31.116074	120.847061
31.116074	120.847061
31.116074	120.847061
31.2242641	120.4597163
31.768552	120.640668
31.34453	120.9435
31.2290031	120.6018698
31.128827	120.839681
31.298886	120.585316
31.653584	120.752507
31.293081	120.550873
31.156884	120.728324
31.325028	120.631436
31.333221	120.579342
31.330479	120.581234
31.413608	120.600245
31.264676	120.686703
31.32054	120.63869
31.316656	120.639026
31.18611	120.348517
31.273886	120.584815
31.136995	120.302129
31.441386	121.09546
31.262104	120.455424
31.038254	120.663055
31.323267	120.615817
31.549863	120.791881
31.354342	120.947576
31.318243	120.628793
31.186142	120.807236
31.161884	120.7291
31.283955355038	120.804195348789
31.388016	120.756729
31.343821	120.512599
31.316126	120.65823
31.079497	120.40372
31.17701	120.528587
31.274012	120.502319
31.32054	120.63869
31.319168	120.615817
31.30632	120.626434
31.291641	120.612994
31.291641	120.612994
31.329971	120.594223
31.312606	120.542403
31.330588	120.688302
31.112612	120.846354
31.262492	120.515086
30.907987	120.664015
31.219344	120.763188
31.30996	120.633402
31.823827	120.712678
31.313728	120.587536
30.841061	120.545999
31.324294	120.572366
31.298464	120.627541
31.320857	120.663048
31.292099	120.592682
31.092743	120.730698
31.180891	120.882301
31.140913	120.642374
31.243893	120.617818
31.356137	120.563773
31.283129	120.738176
31.091285	120.407273
31.3019647	120.6030384
31.319164	120.684912
31.651147	120.769394
31.311846	120.513654
31.314125	120.436561
31.274399	120.442841
31.1114432	120.3731153
31.25827	120.552338
31.257611	120.54304
31.268386	120.331176
31.841456	120.716773
31.7696	120.662208
31.308574	120.619724
31.366269	120.575684
31.187188	120.424133
31.32054	120.63869
31.180148	120.69263
31.314066	120.628809
31.304692	120.59955
31.287877	120.660846
31.149645	120.753416
31.312408	120.946274
31.266648	120.55023
31.629371	120.745316
31.347412	120.528734
31.347412	120.528734
31.347412	120.528734
31.347412	120.528734
31.385172	120.853583
31.321713	120.65176
31.228741	120.463474
31.32419	120.624488
31.32054	120.63869
31.18029	120.649
31.304156	120.6268
31.309429	120.603046
31.312953	120.629809
31.289003	121.092796
31.312946	120.629794
31.307306	120.594848
31.290502	120.556845
31.550384	120.786292
31.226032	120.677847
31.226032	120.677847
31.038254	120.663055
31.319683	120.596433
31.287694	120.817091
31.368475	120.59636
31.299347	120.567368
30.896092	120.687181
31.294771	120.591633
31.312948	120.629794
31.025202	120.282424
31.4345347881317	120.982432365417
31.124424	120.227006
31.124424	120.227006
31.28009	120.592621
31.306365	120.621055
31.310237	120.648515
31.320611	120.717644
31.186147	120.591842
31.659372	120.755882
31.418705	120.977649
31.418705	120.977649
31.182825	120.607828
31.117151	120.623324
31.338	120.576598
31.144753	120.678729
31.310175	120.568695
31.310175	120.568695
31.312213	120.564538
31.306877	120.595378
31.38505	120.672573
31.327233	120.694685
31.310642	120.556769
31.310642	120.556769
31.325195	120.638906
31.270514	120.554226
31.243788	120.612815
31.55224223	120.78606261
31.352088	120.714635
31.108088	120.300726
31.31646	120.546228
31.680431	120.768072
31.312601	120.57189
31.32469	120.63035
31.301879	120.561174
31.349899	120.595444
31.29048	120.535358
31.259908	120.752957
31.184437	120.536664
31.303221	120.634246
31.159597474695	120.68740188549
31.300564	120.576155
31.3062	120.64
31.3062	120.64
31.3062	120.64
31.3062	120.64
31.3062	120.64
31.3062	120.64
31.3031	120.641
31.929572	120.392699
31.3619514	120.5896765
31.297582	120.640754
31.318212	120.619975
31.198538	120.610116
31.363288	120.638002
31.323358	120.625815
31.651372	120.725157
31.317687	120.628296
31.307042	120.586535
31.312963	120.629809
31.114857	120.849772
31.28463	120.633725
31.317733	120.65465
31.174937	120.622825
31.174937	120.622825
31.3062	120.64
31.3031	120.641
31.33421	120.631708
31.210033	120.653227
31.281518	120.522679
31.182339	120.908109
31.234936	120.443335
31.302338	120.559464
31.398895	120.924896
31.618918	120.706127
30.909379	120.670525
31.434295	120.961882
31.298537	120.610808
31.298537	120.610808
31.298537	120.610808
31.298537	120.610808
31.318388	120.648024
31.278869	120.632906
31.132478	120.841797
31.344962	120.341354
31.326445	120.62445
31.326445	120.62445
31.153302	120.503892
31.424173	120.638585
31.155362	120.598853
31.155362	120.598853
31.171047	120.768416
31.313726	120.622529
31.313726	120.622529
31.313726	120.622529
31.228849	120.605832
31.298557	120.610823
31.286747	120.554768
31.271968	120.532488
31.29256	120.620147
31.23919981335	120.41255056418
31.319605	120.544084
31.319605	120.544084
31.319605	120.544084
31.314845	120.627001
31.291729	120.649759
31.089398	120.379769
31.298569	120.61084
31.366519	120.635108
31.021739	120.289299
31.176776	120.649767
31.164232	120.626864
31.153266	120.593717
31.153266	120.593717
31.15248	120.592887
31.245187	120.486857
31.459379	120.804778
31.459379	120.804778
31.39002	120.86978
31.36205	120.60279
31.36904	120.64256
31.24747	121.02
31.31072	120.60184
31.31723	120.34915
31.23198	120.78534
31.41899	120.88671
31.26279	120.63198
31.80358	120.7853
31.63812	120.68893
31.32202	120.73329
31.29398	120.46082
31.48232	120.57846
31.481884	121.064254
31.160198	120.714225
31.266245	120.599806
31.460368	120.805013
31.320033	120.705585
31.844111	120.539554
31.314223	120.728028
31.6416669	120.824278
31.318205	120.540727
30.95311	120.393
31.34322	120.6139
31.41731	120.7842
31.401675	120.946947
31.28353	120.39516
31.311697	120.761636
31.311686	120.761624
31.32513	120.624936
31.165533	120.278911
31.218233	120.5857
31.298543	120.610805
31.319362	120.623816
31.319362	120.623816
31.319362	120.623816
31.319362	120.623816
31.846695	120.716888
31.298296	120.573528
31.31056509	120.63473225
31.36109	120.48562
31.41913	120.81543
31.36904	120.64256
31.38106	120.95509
31.31452	120.6586
31.37979	120.95521
31.1645	120.6466
31.31187	120.61341
31.27364	120.60878
31.29361	120.56341
31.26208	120.63088
31.30728	120.61626
31.85132	120.56399
31.36157	120.59001
31.37488	120.89329
31.29002	120.37169
31.92586	120.72102
31.56602	121.15246
31.95789	120.40402
31.29361	120.56341
31.30859	120.60062
31.29837	120.6268
31.30859	120.60062
31.31224	120.58231
31.50407	121.26521
31.29361	120.56341
31.64378	120.74562
31.38106	120.95509
31.0226	120.84588
31.308463	120.598877
31.139038	120.478195
31.296554	120.632749
31.31515	120.71343
31.309896	120.619491
31.14652	120.721786
31.429246	120.696571
31.290266	120.614808
31.235099	120.594238
31.311727	120.62751
31.549869	120.791877
31.283187	120.733993
31.309019	121.029106
31.262086	120.932945
31.296361	120.614974
31.296386	120.615005
31.309612	120.563667
31.658088	120.751991
31.314094	120.598999
31.21968	120.445426
31.298997	120.553565
31.271308	120.736213
31.135372	120.63697
30.941572	120.461875
31.31821	120.63301
31.318208	120.633003
31.360086	120.810966
31.366201	120.9626
31.686346	120.76007
31.19131	120.582015
31.294172	120.645973
31.421451	120.643142
31.156185	120.718643
31.111103	120.852462
31.290628	120.689697
31.183576	120.924476
31.279895	120.671684
31.361898	120.543991
31.222467	120.455566
31.297391	120.588989
31.316497	120.636894
31.321851	120.580993
31.239049	120.677368
31.252292	120.635635
31.252305	120.635643
31.274063	120.515884
31.3255005	120.5889531
31.3237893	120.5655993
31.3108161	120.6035453
31.3257	120.584846
31.34954	120.546043
31.300121	120.579994
31.37606	120.957191
31.163496	120.728271
31.431022	120.520507
31.431022	120.520523
31.011928	120.50341
31.551833	120.786345
31.247634	120.865432
31.097177	120.307075
31.110628	120.711166
31.312065	120.60186
31.276683	120.621376
31.370256	120.797721
31.464309	120.620895
31.338405	120.617202
31.307117	120.619567
31.3068	120.62014
31.320167	120.679489
31.315818	120.71125
31.311887	120.576133
31.272993	120.453872
31.330274	120.632644
31.297334	120.637985
31.320146	120.615104
31.31252	120.551445
31.31252	120.551445
31.327249	120.539772
31.437232	120.868278
31.31859	120.634849
31.290559	120.624618
31.254491	120.50698
31.305088	120.725669
31.305093	120.725685
31.322504	120.704986
31.224592	120.603996
31.722003	120.78601
31.453693	120.644317
31.367797	120.507003
30.873962	120.569961
30.866512	120.569114
31.389045	120.958129
31.380088	120.955993
31.313472	120.733367
31.269638	120.65953
31.316474	120.632507
31.368993	120.625991
31.314788	120.592979
31.447299	120.810836
31.307504	120.627006
31.429138	121.073898
31.766601	120.637802
31.175048	120.926673
31.409122	120.69255
31.319839	120.955085
31.220399	120.461112
31.311075	120.637077
31.317289	120.632987
31.32661	120.603912
31.310962	120.677429
31.296812	120.825012
31.296689	120.75209
31.552904	120.783996
31.278814	120.516342
31.160324775	120.72013989
31.088630676	120.40728759
31.220823596	120.40362022
31.141960508	120.32355002
31.845468323	120.54698092
30.896858215	120.6601181
31.2903804779	120.611839294
31.112749099	120.85421752
31.315651859	120.7461395
31.2976608276	120.61315918
31.181246846	120.31805725
31.29970932	120.61118316
31.147650002	120.32690512
31.114338	120.848996
31.5446271056	120.8052939
31.320600173	120.61909406
31.115950462	120.84602134
31.386940002	120.95924377
31.093460083	120.29000091
31.562850952	121.06318664
31.334850311	120.58071136
31.288099288	120.61727142
31.326929092	120.7344284
31.351211547	120.66654968
31.270008087	120.43878936
31.43998909	120.85442352
31.160610199	120.72219848
31.338899612	120.54218292
31.307979583	120.62127685
31.314029693	120.58747863
31.297750473	120.63511657
31.312364578	120.62619781
31.3807196734	120.794265721
31.059364715	120.30079302
31.3359763762	120.778314284
31.3891051144	120.717487492
31.307559967	120.57012176
31.129610061	120.25583648
31.293830871	120.6250534
31.323831558	120.35379791
31.213903	120.415131
31.327229821	120.58090186
31.263389587	120.49913787
31.620671	120.742482
31.256521225	120.5025711
31.063301	120.293383
31.296970367	120.49021911
31.249080658	120.58724975
31.085590362	120.25660705
31.005237378	120.48487543
31.0929107666	120.425483704
31.0847892761	120.406951904
31.075206427	120.36054134
31.104051175	120.30550044
30.913740158	120.51248931
31.20859909	120.55345916
31.287447	120.499367
31.664325	120.711268
30.9930895051979	120.711613491119
31.3238032226	120.63041018
31.310352436	120.624219788
31.212680816	120.41430664
31.4824857181	120.81733445
31.320105085	120.63833596
31.3128643036	120.635795593
31.303880691	120.62793731
31.317070007	120.6382904
31.079289	120.404444
31.3898179121	120.909429788
31.2541408539	120.52620697
31.07707	120.26211
31.1289901733	120.312103271
31.093399047	120.28984832
31.264120101	120.51757812
31.264786	121.002234
31.313489913	120.63414764
31.304389953	120.68353271
31.321159362	120.59802246
31.157489776	120.72070312
31.171590805	120.90206146
31.270822	120.868699
31.2190059082	120.44391172
31.298471211	120.62608137
31.292298	120.54801
31.324899673	120.72901916
31.31472558	120.71324689
31.652588071	120.73909046
31.296579361	120.68141937
31.283140182	120.70600128
31.292930603	120.642959595
31.2494566129	120.86668306
31.3124803853	120.603714588
31.179530505	120.99611227
31.87046607	120.51383728
31.074292	120.358062
31.327450868	120.534523
31.6393446059	120.770356179
31.659526769	120.69762081
31.113777599	120.84932326
31.217968	120.388428
31.323957443	120.6349945
31.0199936962	120.289005298
31.365304345	120.760921721
31.4328937858	120.762828721
31.3098658247	120.631094188
31.2956560164	121.091013814
31.640946639	120.75876017
31.423990249	120.7508316
31.064263861	120.38539931
31.16316986	120.7184906
31.267921	120.868099
31.638731891	120.68910308
31.6725380474	120.726447814
31.316558579	120.63803078
31.707860494	120.78907954
31.153804403	120.83024262
31.3393444177	120.629602128
31.314870834	120.71819305
31.0885906219	120.414237976
31.3266841813	120.34699712
31.300924	120.598734
31.273199081	120.44410705
31.11422861	120.850066263
31.121673	120.84671
31.091608196	120.237723222
31.0597147229	120.307596026
31.3319206238	120.580108643
31.654729843	120.69467163
31.599213555	121.23730831
31.158381732	120.71781889
31.444664863	121.13292412
31.158344268	120.71896362
31.3191835371	120.674604263
31.315306452	120.70580526
30.9550468614	120.113103892
31.317766607	120.59949778
31.444129943	121.10173797
31.289178735	120.645172
31.0750490791	120.434708315
31.114033605	120.84684296
31.1149178031	120.261734304
31.4327799076	120.441084137
31.266079411	120.60997478
31.667009529	120.72670821
31.306367	120.629813
31.2821547832	120.598123788
31.114041905	120.84661446
31.1558601508	120.638111924
31.165899276	120.72000885
31.322199	120.620122
31.446749	121.101404
31.310336	120.62671
31.474880218	120.81597137
31.288970947	120.61844635
31.212934329	120.38389704
31.283476942	120.542141
31.2516631738	120.94167351
31.215789794	120.55130767
31.304681	120.537426
31.8441464986	120.715731179
31.444589614	121.0997467
31.5082753608	121.097765857
31.594394655	120.75557517
31.129159927	120.24800109
31.1597499847	120.718826294
31.5542068004	121.176930111
31.9291475893	120.403708897
31.2851009369	120.874809265
31.251697	120.515844
31.203219	120.553711
31.854061105	120.5708574
31.3131999969	120.609329224
31.646739959	120.74102783
31.321455986	120.67376416
31.171354	120.901623
31.3122997284	120.634048462
31.157352	120.728481
31.319000244	120.63730621
31.148599624	120.32746887
31.213850021	120.38021087
31.120599044	120.31886802
31.645678039	120.75018108
31.161529541	120.81903839
31.274736434	120.99564403
31.1583690643	120.738380432
31.210851288	120.40686104
31.31746908	120.72151394
31.30639025	120.81999702
31.00387451	120.48069336
31.66640652	120.81822645
31.42273438	120.71667426
31.33637207	120.47071343
31.34522976	120.47798014
31.21582384	120.55481147
31.38104899	120.90477349
31.509251	121.072839
31.43970622	120.87328423
31.18622586	120.35914632
31.23979574	120.58380507
31.21330621	120.54634983
31.25565864	120.46012099
31.57201633	121.17809814
31.16625515	120.6531741
31.33630968	120.46763536
31.3449745	120.47799045
31.35991157	120.4855211
31.40181776	120.64467258
31.38905762	120.6454286
31.40169569	120.6446384
31.44046739	121.12885715
31.21981771	120.44454237
31.73397217	120.93653781
31.028593	120.295161
31.1303106	120.26250407
31.38261556	120.87984999
31.25880507	120.62866971
31.68953179	120.82442139
31.37701552	120.71006266
31.38929606	120.55574978
31.85886095	120.56966336
31.61409478	120.82579156
31.7922602	120.80140869
31.11570719	120.85227431
31.04652181	120.37707384
31.48128852	120.59862223
31.3183011454775	120.59211730957
31.2272180000001	120.612363000001
31.302900314	120.587677
31.217164412	120.38449104
31.3119764803	120.661716363
31.4357438466	120.851495721
31.4162058073	120.973106735
30.9140297757	120.674579877
31.2663214548	121.002182936
31.6352478176	120.694044085
31.36700964	120.70583999
31.318017511	120.68153226
31.2558932615	120.511354509
31.3022110475	120.632222388
31.304264695	120.624162888
31.666378915	120.72019081
31.025868826	120.29734129
31.155718	120.283652
31.088169097	120.28614044
31.3211428226	120.962276636
31.3676442977	120.460781974
31.122937044	120.42855931
31.2713981193	120.87200106
31.388589859	120.95130157
31.1445786336	120.641189445
31.4526606522	120.880692153
31.4029006958	120.791511536
31.32436	120.62987
31.3205	120.62941
31.294918791716	120.54143426478
31.285311205795	120.54167611483
31.36658844264	120.46285022904
31.37075	120.45969
31.31704650206	120.67146130098
31.12327	120.84832
31.21527	120.4052
31.339114896839	120.47130413561
31.3109	120.624
31.3109	120.624
31.3109	120.624
31.3109	120.624
31.3109	120.624
31.3109	120.624
31.3109	120.624
31.3109	120.624
31.3109	120.624
31.3109	120.624
31.3109	120.624
31.3109	120.624
31.3109	120.624
31.306604	120.624872
31.158088	120.454769
31.095254	120.27767
31.4876578	120.7449863
31.7124867439261	120.77279090881
31.2128488300659	120.401867972799
31.350399	120.622161
31.142509	120.778007
31.671962	120.826332
31.554304	121.23703
31.269084	120.725479
31.443399	120.507507
31.254558	121.04689
31.330026	120.640106
31.322574	120.62992
31.111808	120.851982
31.280765	120.550262
31.333124	120.63298
31.271045	120.622299
31.372509	120.863014
31.153697	120.559844
31.14775	120.581901
31.299484	120.696678
31.268468	120.753784
31.166276	120.27423
31.314701	120.593002
31.340908	120.659011
31.181961	120.677474
31.315057	120.579383
31.327575	120.613143
31.270393	120.720016
31.325284	120.699401
31.543966	120.784584
31.261751	120.752052
31.319007	120.711013
31.168003	120.663009
31.845785	120.717987
31.333515	120.602661
31.648283	120.774978
31.304111	120.600502
31.34626	120.699829
31.328231	120.610267
31.32751	120.610008
30.913885	120.656387
31.262659	120.509521
31.224464	120.450714
31.482805	120.817008
31.484956	120.811935
31.465488	120.834243
31.325994	120.61956
31.149106	120.731147
31.355649	120.512138
31.455962	120.870297
31.663908	120.762191
31.157678	120.717559
31.307769	120.57788
31.381771	120.832977
31.156147	120.721496
31.156126	120.721481
31.090118	120.495346
31.288198	120.559997
31.319091	120.632736
31.268608	120.874237
31.114463	120.851257
31.322532	120.62989
31.024839	120.294311
31.292587	120.548721
31.280199	120.634002
31.425113	120.846603
31.262237	120.583877
31.315303	120.617012
31.30797	120.68431
31.153675	120.731559
31.316705	120.596626
31.64335	120.753814
31.313226	120.624229
31.169416	120.706245
31.169401	120.706222
31.217494	120.648994
31.67155	120.826507
31.309522	120.572891
31.24415	120.605895
31.295419	120.832054
31.112604	120.853858
31.308549	120.638748
31.155006	120.726005
31.490333	120.711105
31.255041	120.586524
31.323923	120.63031
31.845291	120.714988
31.440988	120.848724
31.122396	119.941001
31.331708	120.400642
31.31397	120.601776
31.287668	120.620109
31.116962	120.846839
31.644826	120.748916
31.111719	120.851043
31.226108	120.409179
31.64743	120.740821
31.307497	120.622642
31.026138	120.296127
31.2838	120.651374
31.175098	120.926719
31.342996	120.464439
31.471611	120.818679
31.333139	120.611976
31.319211	120.708297
31.318555	120.642845
31.248609	120.984634
31.324005	120.704002
31.288869	120.658081
32.008769	120.499778
31.322135	120.732589
31.30772	120.798027
31.093181	120.42517
31.255882	120.663978
31.255981	120.662979
31.137063	120.482734
31.351469	120.614143
31.255617	120.664871
31.348308	120.73442
31.310792	120.626998
31.311191	120.625984
31.312183	120.624984
31.26585	121.002166
31.425825	120.700729
31.253486	120.576995
